%%MatrixMarket matrix coordinate real general
%Pridhvi Custom Test File
19 19 400
0 0  42.28856891000845
1 0  0.7807663181161031
2 0  0.2828655879749521
3 0  0.8323214577223361
4 0  0.4920093766442031
5 0  0.1298613565963261
6 0  0.1925754945238164
7 0  0.6999563184634388
8 0  0.8688794518777178
9 0  0.7559487137428107
10 0  0.40096560593562
11 0  0.6408475342055142
12 0  0.5213413726664948
13 0  0.2615572574811967
14 0  0.4154107075967184
15 0  0.1007526031034273
16 0  0.2975749478726403
17 0  0.933682994983397
18 0  0.4124040750450412
19 0  0.6056492744326079
0 1  0.7807663181161031
1 1  9.422933888773466
2 1  0.6153438814808927
3 1  0.5945441816084098
4 1  0.7547818913770321
5 1  0.7760123356311202
6 1  0.8525152744899849
7 1  0.5071410755096171
8 1  0.522608363569405
9 1  0.2337537467096675
10 1  0.5423277353399386
11 1  0.4776062442403323
12 1  0.2697026098296113
13 1  0.4656696994168146
14 1  0.420603020801655
15 1  0.752714866238178
16 1  0.5428832126497762
17 1  0.6187157599487121
18 1  0.7557109207740076
19 1  0.1624433723899441
0 2  0.2828655879749521
1 2  0.6153438814808927
2 2  59.85236687567411
3 2  0.6505784764011028
4 2  0.3860683478535514
5 2  0.400489718916518
6 2  0.2251102124224835
7 2  0.4986326955017678
8 2  0.4755280583859526
9 2  0.7496897445282585
10 2  0.5438027676405277
11 2  0.5549550340916294
12 2  0.7280563133717897
13 2  0.5379492814169348
14 2  0.3095100585742888
15 2  0.2703975947414423
16 2  0.8955618506775753
17 2  0.1965313621734629
18 2  0.7335671257157936
19 2  0.4204514119421802
0 3  0.8323214577223361
1 3  0.5945441816084098
2 3  0.6505784764011028
3 3  47.0924256358334
4 3  0.7203134304134691
5 3  0.7439122803558285
6 3  0.6610629973376527
7 3  0.3259369913478662
8 3  0.2766030755735861
9 3  0.2232316345781405
10 3  0.6867714223915586
11 3  0.2195492495478336
12 3  0.4217525518154813
13 3  0.5198544211551006
14 3  0.7045928821666441
15 3  0.2107146152927256
16 3  0.4999798210168242
17 3  0.4944709767465138
18 3  0.6426099903405165
19 3  0.3692848793563793
0 4  0.4920093766442031
1 4  0.7547818913770321
2 4  0.3860683478535514
3 4  0.7203134304134691
4 4  69.59493133016079
5 4  0.2257438741600772
6 4  0.7872517248820772
7 4  0.5777685640152186
8 4  0.2384501860718726
9 4  0.6272985370452681
10 4  0.2132906965699735
11 4  0.47941554367325
12 4  0.7298258462435087
13 4  0.4389397543787927
14 4  0.9193664611482728
15 4  0.3257780254690069
16 4  0.3146474200210432
17 4  0.3692550337283809
18 4  0.1011676683405978
19 4  0.5807494555438583
0 5  0.1298613565963261
1 5  0.7760123356311202
2 5  0.400489718916518
3 5  0.7439122803558285
4 5  0.2257438741600772
5 5  69.98878499282915
6 5  0.565832994951827
7 5  0.3650228950838121
8 5  0.4105938978731714
9 5  0.4658313742804896
10 5  0.6947715802511922
11 5  0.5317848781765089
12 5  0.4796539157861359
13 5  0.5876042726861928
14 5  0.3811223336958907
15 5  0.4612735016352072
16 5  0.4688001029368164
17 5  0.7094851658178467
18 5  0.2235460374085393
19 5  0.7126708347486983
0 6  0.1925754945238164
1 6  0.8525152744899849
2 6  0.2251102124224835
3 6  0.6610629973376527
4 6  0.7872517248820772
5 6  0.565832994951827
6 6  63.85307582718379
7 6  0.3198494013262773
8 6  0.6009604968130697
9 6  0.5842765383573221
10 6  0.6536783194782643
11 6  0.6747587837778131
12 6  0.3352280010532158
13 6  0.2995798782423933
14 6  0.3816026849865858
15 6  0.4771085562841442
16 6  0.6980840190741926
17 6  0.5637877442902075
18 6  0.5052930695483717
19 6  0.4376017952456622
0 7  0.6999563184634388
1 7  0.5071410755096171
2 7  0.4986326955017678
3 7  0.3259369913478662
4 7  0.5777685640152186
5 7  0.3650228950838121
6 7  0.3198494013262773
7 7  3.360383606642947
8 7  0.5700211642561095
9 7  0.4327855431972966
10 7  0.4837117059913958
11 7  0.08038682688317045
12 7  0.7406205854693599
13 7  0.812257570549492
14 7  0.6751531990571461
15 7  0.6533998652396527
16 7  0.377259438876082
17 7  0.9213954153472981
18 7  0.6754423660454824
19 7  0.2275398797043853
0 8  0.8688794518777178
1 8  0.522608363569405
2 8  0.4755280583859526
3 8  0.2766030755735861
4 8  0.2384501860718726
5 8  0.4105938978731714
6 8  0.6009604968130697
7 8  0.5700211642561095
8 8  6.880609911805124
9 8  0.4200034890492663
10 8  0.4286274996868169
11 8  0.305611633567069
12 8  0.5292388099847403
13 8  0.07597828750346236
14 8  0.4242566130937467
15 8  0.4457148109147733
16 8  0.6529876829650796
17 8  0.5747332449876663
18 8  0.4020754576814351
19 8  0.5174965198546985
0 9  0.7559487137428107
1 9  0.2337537467096675
2 9  0.7496897445282585
3 9  0.2232316345781405
4 9  0.6272985370452681
5 9  0.4658313742804896
6 9  0.5842765383573221
7 9  0.4327855431972966
8 9  0.4200034890492663
9 9  31.95997351804961
10 9  0.7582153377500733
11 9  0.5922162623604772
12 9  0.4728202302915517
13 9  0.5785430435813297
14 9  0.5117526325222457
15 9  0.2281074572472621
16 9  0.5682410072856157
17 9  0.7469120153209829
18 9  0.8365752570840868
19 9  0.451300216063598
0 10  0.40096560593562
1 10  0.5423277353399386
2 10  0.5438027676405277
3 10  0.6867714223915586
4 10  0.2132906965699735
5 10  0.6947715802511922
6 10  0.6536783194782643
7 10  0.4837117059913958
8 10  0.4286274996868169
9 10  0.7582153377500733
10 10  53.08642806941265
11 10  0.4480712021440525
12 10  0.7170059439022518
13 10  0.1686250109094
14 10  0.5136156310551515
15 10  0.4271847712376782
16 10  0.2589529304670569
17 10  0.236081497929962
18 10  0.4362144173433207
19 10  0.671003417376816
0 11  0.6408475342055142
1 11  0.4776062442403323
2 11  0.5549550340916294
3 11  0.2195492495478336
4 11  0.47941554367325
5 11  0.5317848781765089
6 11  0.6747587837778131
7 11  0.08038682688317045
8 11  0.305611633567069
9 11  0.5922162623604772
10 11  0.4480712021440525
11 11  65.44457077570664
12 11  0.5748244040605255
13 11  0.6824865645511213
14 11  0.2308393722929787
15 11  0.318006296683172
16 11  0.3641635217335236
17 11  0.5099385289134043
18 11  0.4002194849963194
19 11  0.6937560045715114
0 12  0.5213413726664948
1 12  0.2697026098296113
2 12  0.7280563133717897
3 12  0.4217525518154813
4 12  0.7298258462435087
5 12  0.4796539157861359
6 12  0.3352280010532158
7 12  0.7406205854693599
8 12  0.5292388099847403
9 12  0.4728202302915517
10 12  0.7170059439022518
11 12  0.5748244040605255
12 12  40.76191970411526
13 12  0.362884161673897
14 12  0.6877048384981341
15 12  0.798517321468776
16 12  0.3473113332508833
17 12  0.5309270336265093
18 12  0.2791801718903898
19 12  0.9028712812661372
0 13  0.2615572574811967
1 13  0.4656696994168146
2 13  0.5379492814169348
3 13  0.5198544211551006
4 13  0.4389397543787927
5 13  0.5876042726861928
6 13  0.2995798782423933
7 13  0.812257570549492
8 13  0.07597828750346236
9 13  0.5785430435813297
10 13  0.1686250109094
11 13  0.6824865645511213
12 13  0.362884161673897
13 13  81.99812227819406
14 13  0.3718556154324001
15 13  0.7763560266343362
16 13  0.9374931143549715
17 13  0.4366447588901765
18 13  0.5634994126570902
19 13  0.2292689128706969
0 14  0.4154107075967184
1 14  0.420603020801655
2 14  0.3095100585742888
3 14  0.7045928821666441
4 14  0.9193664611482728
5 14  0.3811223336958907
6 14  0.3816026849865858
7 14  0.6751531990571461
8 14  0.4242566130937467
9 14  0.5117526325222457
10 14  0.5136156310551515
11 14  0.2308393722929787
12 14  0.6877048384981341
13 14  0.3718556154324001
14 14  71.83589432058837
15 14  0.4841288605173291
16 14  0.5729245297779073
17 14  0.7053999959296112
18 14  0.4912468425933497
19 14  0.5327223126031351
0 15  0.1007526031034273
1 15  0.752714866238178
2 15  0.2703975947414423
3 15  0.2107146152927256
4 15  0.3257780254690069
5 15  0.4612735016352072
6 15  0.4771085562841442
7 15  0.6533998652396527
8 15  0.4457148109147733
9 15  0.2281074572472621
10 15  0.4271847712376782
11 15  0.318006296683172
12 15  0.798517321468776
13 15  0.7763560266343362
14 15  0.4841288605173291
15 15  96.86493302310937
16 15  0.2693039243560628
17 15  0.7459208544023163
18 15  0.1020407140780382
19 15  0.07784180017369674
0 16  0.2975749478726403
1 16  0.5428832126497762
2 16  0.8955618506775753
3 16  0.4999798210168242
4 16  0.3146474200210432
5 16  0.4688001029368164
6 16  0.6980840190741926
7 16  0.377259438876082
8 16  0.6529876829650796
9 16  0.5682410072856157
10 16  0.2589529304670569
11 16  0.3641635217335236
12 16  0.3473113332508833
13 16  0.9374931143549715
14 16  0.5729245297779073
15 16  0.2693039243560628
16 16  53.13339065656745
17 16  0.1881254284716562
18 16  0.5395975613555415
19 16  0.3823763668024463
0 17  0.933682994983397
1 17  0.6187157599487121
2 17  0.1965313621734629
3 17  0.4944709767465138
4 17  0.3692550337283809
5 17  0.7094851658178467
6 17  0.5637877442902075
7 17  0.9213954153472981
8 17  0.5747332449876663
9 17  0.7469120153209829
10 17  0.236081497929962
11 17  0.5099385289134043
12 17  0.5309270336265093
13 17  0.4366447588901765
14 17  0.7053999959296112
15 17  0.7459208544023163
16 17  0.1881254284716562
17 17  32.514568182056
18 17  0.6126340372570183
19 17  0.2419199765885238
0 18  0.4124040750450412
1 18  0.7557109207740076
2 18  0.7335671257157936
3 18  0.6426099903405165
4 18  0.1011676683405978
5 18  0.2235460374085393
6 18  0.5052930695483717
7 18  0.6754423660454824
8 18  0.4020754576814351
9 18  0.8365752570840868
10 18  0.4362144173433207
11 18  0.4002194849963194
12 18  0.2791801718903898
13 18  0.5634994126570902
14 18  0.4912468425933497
15 18  0.1020407140780382
16 18  0.5395975613555415
17 18  0.6126340372570183
18 18  10.56292033290219
19 18  0.3722355635297119
0 19  0.6056492744326079
1 19  0.1624433723899441
2 19  0.4204514119421802
3 19  0.3692848793563793
4 19  0.5807494555438583
5 19  0.7126708347486983
6 19  0.4376017952456622
7 19  0.2275398797043853
8 19  0.5174965198546985
9 19  0.451300216063598
10 19  0.671003417376816
11 19  0.6937560045715114
12 19  0.9028712812661372
13 19  0.2292689128706969
14 19  0.5327223126031351
15 19  0.07784180017369674
16 19  0.3823763668024463
17 19  0.2419199765885238
18 19  0.3722355635297119
19 19  61.09586587462006
